3.787709 5.307353 3.787709 4.414437 0.178252
-0.899355 -0.306781 -0.653236 6.898979 -0.542537
0.431497 -0.658447 0.247396 0.908496 0.828110
0.855547 0.692344 0.498335 -0.417003 0.692706
0.406205 -0.619652 0.653060 -0.389970 -0.164471
2.262811 6.111620 0.777103 5.927333 -0.926720
-0.912293 -0.349265 -0.570823 8.780603 0.042296
0.290261 0.176756 0.259013 8.464837 0.047782
-0.512687 0.720538 -0.937672 0.876955 0.205705
0.534509 0.811998 0.337701 -0.565785 0.588524
-0.336197 9.755892 -6.004688 4.497189 -0.769060
-0.638112 12.651896 0.585228 -0.942675 -0.918451
-0.258565 -0.262349 0.311186 0.972182 0.197234
-0.922932 -0.520876 0.556305 -0.873828 0.525413
0.901555 0.892669 0.529895 0.911497 0.024289
-0.096506 7.333549 0.812555 -0.869454 -0.354703
0.421170 0.574059 9.586657 0.168315 0.335374
19.479395 -0.568552 24.227461 -0.746436 -0.233534
5.563614 0.945488 0.369382 -0.058641 -0.288700
-0.446288 -0.441267 0.911281 0.561016 -0.867660
1.202675 7.916322 -0.655670 -0.993113 -0.468293
0.614258 0.063486 3.893903 0.545425 0.019594
-0.698525 6.919940 0.503667 0.233118 0.476336
-0.274483 -1.286333 9.891893 0.394773 -0.473928
0.023008 0.291868 -0.132253 0.261123 0.061045
3.265926 4.486796 -0.956996 0.394070 0.041760
